5 5 
3 7 5 9 1
2 4 6 4 2
8 9 7 6 8
5 6 4 5 7
1 3 8 2 1
5 5
6 4 8 2 7
3 6 5 6 3
9 3 7 3 9
4 5 4 5 4
7 2 9 8 1
4 6
5 7 8 6 7 5
2 3 4 4 3 2
8 6 7 7 6 8
3 4 3 3 4 3
6 4
9 6 7 9
4 2 3 4
7 4 5 7
6 3 4 6
5 2 3 5
8 5 6 8
3 3
5 3 5
7 4 7
3 7 3
7 9
4  2  6  5  9  5  6  2  4
2  3  5  3  7  3  5  3  2
6  5  8  6  9  6  8  5  6
5  3  6  4  7  4  6  3  5
9  7  9  7  8  7  9  7  9
5  3  6  4  7  4  6  3  5
6  5  8  6  9  6  8  5  6
6 6
4  2  5  7  9  1
2  3  6  4  7  2
8  6  7  5  3  9
3  4  3  2  6  3
7  2  9  6  8  4
1  5  4  3  4  7
8 5
6  2  5  8  9
3  7  6  2  4
8  4  7  3  6
5  3  4  9  2
2  8  3  4  7
9  5  2  6  1
4  6  9  7  3
1  9  8  5  8
5 8
7  2  4  9  6  3  8  1
4  6  1  8  2  7  5  9
9  1  5  3  7  4  6  2
2  8  3  7  9  5  1  4
6  4  8  1  3  9  2  7
15 10
3 7 5 9 6 1 4 8 2 10
8 2 9 1 5 7 3 6 4 11
6 4 8 2 7 9 5 1 3 12
1 5 2 7 3 8 1 6 9 13
9 3 6 4 7 2 8 5 1 14
2 8 7 9 1 6 4 10 3 15
7 6 3 8 4 10 2 9 5 1
5 9 1 3 8 5 7 2 10 4
4 1 6 5 2 9 3 7 8 11
10 4 7 3 9 1 6 2 5 12
3 7 5 9 6 1 4 8 2 13
8 2 9 1 5 7 3 6 4 14
6 4 8 2 7 9 5 1 3 15
1 5 2 7 3 8 1 6 9 16
9 3 6 4 7 2 8 5 1 17
5 8
4  7  2  5  3  8  1  6
2  6  4  8  1  3  5  7
5  1  8  2  7  4  6  3
3  5  7  1  6  2  8  4
1  3  6  4  8  5  2  7
7 3
9 4 5
4 7 4
8 5 6
3 6 3
7 3 7
2 8 2
6 2 8
6 9
6  2  7  4  5  8  1  9  3
3  8  5  1  6  2  7  4  10
8  4  9  2  7  3  8  5  11
5  1  6  3  8  4  9  2  12
7  3  8  5  1  6  2  10 3
2  7  4  9  2  7  3  11 4
8 4
3  7  5  9
8  2  9  1
6  4  8  2
1  5  2  7
9  3  6  4
2  8  7  9
7  6  3  8
5  9  1  3
5 5
1  2  3  2  1
2  4  6  4  2
3  6  9  6  3
2  4  6  4  2
1  2  3  2  1
6 6
1  2  3  3  2  1
2  4  6  6  4  2
3  6  9  9  6  3
3  6  9  9  6  3
2  4  6  6  4  2
1  2  3  3  2  1
